H
6 9 31
4 5 4 28
4 3 3 4 18 3
3 2 5 3 16 1
3 1 2 3 12 5
2 2 4 3 12 3 5
2 2 4 3 12 3 5
2 1 3 5 4 8 4 4
2 7 7 6 2 2 6
2 2 5 2 1 2 3 3 7
2 2 8 3 1 2 2 1 4 3
3 2 4 3 1 3 1 4 3
3 3 2 2 2 2 1 2 4
3 13 5 4 1 2 1 4
5 8 2 2 9 2 1 2 1
5 10 3 9 3 1 1
6 10 3 12 3 1 3
8 9 1 6 4 2 1 2 4
8 8 2 4 4 3 1 3 1 
7 11 3 3 2 2 1 1 1
6 5 2 3 3 3 6
5 3 6 3 2 3 1
4 5 8 3 1 4
4 9 6 3 1 1 2
3 12 3 1 3
3 13 3 6
2 16 3 4 2
2 19 3 3 1 1 
1 4 7 6 3 2 5
1 4 2 1 8 2 1 2
7 1 5 2 3
4 6 2 1 4
2 3 2 3 1 1 3
4 3 6 2 1
7 8 4 17
8 5 4 7 3 13
6 8 9 3 15
1 3 2 1 1 11 2 17
2 1 15 3 19
1 3 8 4 2 19
1 8 2 1 2 1 17
1 2 12 1 18
2 4 8 5 1 18
1 6 8 1 2 15
3 5 1 9 1 1 1 12
4 2 1 8 5 14
V
29 7
27 4 1 3
5 15 6 1
3 10 8 1 2
1 3 8 5 5 1 1 1
1 6 5 7 3 1 1 1
3 1 2 3 9 2 2 1 1
2 2 1 2 9 4 1 2
1 3 2 7 2 1 2 1
2 3 3 9 2 1 2
1 2 4 10 2 2 5
2 1 2 8 8 2 3 8
2 2 2 9 7 1 12
3 1 2 9 6 1 4 7
1 1 2 2 7 1 6 1 4 7
1 2 2 2 7 1 7 3 1 6 1
1 1 1 2 7 2 4 4 6 1 
1 1 2 1 1 5 7 4 6
2 1 2 1 2 5 2 4 3 3 1
4 1 3 2 2 2 3 4 3
2 1 2 2 3 2 4 3 4
3 5 5 2 3 5 4
8 2 3 4 6 4
5 4 3 3 6 4
1 3 2 5 3 6 3
1 1 5 4 5 3
1 2 5 4 4 3
4 9 5 2 3 
4 5 5 2 
8 3 5 2
9 12 
8 11
8 9 6
9 6 5 2
9 3 4 1 1
7 1 1 3 3
7 2 2 2 3 1
6 3 3 1 3 2 1 
6 3 2 3 1 6 
6 1 8 1 3 7 1
6 2 4 2 2 11 1
4 3 3 2 1 10 1
4 6 2 12
3 3 2 15
3 4 1 1 1 2 12
2 2 1 1 3 3 12
2 4 2 2 1 2 12
2 1 2 2 8 12
2 2 2 1 2 2 12
2 2 3 2 1 1 1 12
2 5 5 4 12
2 5 3 3 7 12
3 15 3 11
3 7 2 3 10
4 2 4 4 6